1 0 240
1 48 240
1 96 240
1 144 240
1 192 240
1 288 240
1 240 240
1 336 240
1 384 240
1 480 240
1 432 240
1 528 240
1 576 240
11 0 288
11 0 320
11 32 320
11 32 288
11 64 320
11 64 288
11 96 288
11 128 288
11 160 288
11 192 288
11 224 288
11 256 288
11 288 288
11 320 288
11 352 288
11 416 288
11 384 288
11 448 288
11 480 288
11 512 288
11 544 288
11 576 288
11 576 320
11 544 320
11 512 320
11 480 320
11 448 320
11 416 320
11 96 320
10 42 210
2 96 96
2 240 96
2 288 96
2 288 48
2 432 96
2 480 96
1 624 240
11 608 288
11 608 320
11 640 288
11 640 320