6 192 192
6 192 240
6 240 192
6 384 192
6 432 192
6 240 240
6 240 288
6 192 288
6 384 240
6 432 240
6 432 288
6 384 288
6 432 336
6 384 336
6 240 336
6 192 336
5 407.5 68
5 155.5 67
5 144 240
5 96 240
5 48 240
5 0 240
2 144 288
2 144 336
2 96 288
2 96 336
2 48 288
2 48 336
2 0 288
2 0 336
15 480 192
15 512 224
15 480 224
15 544 256
15 512 256
15 576 288
15 544 288
11 480 256
11 480 288
11 512 288
11 480 320
11 512 320
11 544 320
11 576 320
9 11 206
15 608 320
15 576 320
11 480 352
11 512 352
11 544 352
11 576 352
15 608 352
15 640 352